width: 376.306630
height: 216.871258
mean_R: 99.240233
mean_G: 70.150994
mean_B: 66.731335
